x^2 + 7x + 2: 2.0, 10.18408996251562, 20.45064556434819, 32.799666805497715, 47.23115368596419, 63.745106205747604, 82.341524364848, 103.0204081632653, 125.78175760099958, 150.62557267805084, 177.55185339441897, 206.56059975010413, 237.65181174510624, 270.8254893794252, 306.0816326530612, 343.42024156601417, 382.84131611828406, 424.3448563098708, 467.9308621407747, 513.5993336109955, 561.3502707205331, 611.1836734693878, 663.0995418575594, 717.0978758850479, 773.1786755518535, 831.3419408579759, 891.5876718034153, 953.9158683881716, 1018.3265306122449, 1084.8196584756352, 1153.3952519783422, 1224.0533111203667, 1296.7938359017078, 1371.616826322366, 1448.5222823823406, 1527.5102040816328, 1608.5805914202417, 1691.7334443981672, 1776.9687630154103, 1864.2865472719704, 1953.6867971678466, 2045.1695127030405, 2138.7346938775513, 2234.3823406913784, 2332.1124531445234, 2431.925031236985, 2533.820074968763, 2637.7975843398585, 2743.857559350271, 2852.0

3x + 2: 2.0, 5.061224489795919, 8.122448979591837, 11.183673469387756, 14.244897959183675, 17.306122448979593, 20.367346938775512, 23.42857142857143, 26.48979591836735, 29.551020408163268, 32.61224489795919, 35.673469387755105, 38.734693877551024, 41.79591836734694, 44.85714285714286, 47.91836734693877, 50.9795918367347, 54.04081632653061, 57.102040816326536, 60.163265306122454, 63.224489795918366, 66.28571428571429, 69.34693877551021, 72.40816326530611, 75.46938775510205, 78.53061224489797, 81.59183673469389, 84.65306122448979, 87.71428571428572, 90.77551020408163, 93.83673469387755, 96.89795918367348, 99.9591836734694, 103.02040816326532, 106.08163265306122, 109.14285714285714, 112.20408163265307, 115.26530612244898, 118.32653061224491, 121.38775510204083, 124.44897959183673, 127.51020408163265, 130.57142857142858, 133.6326530612245, 136.69387755102042, 139.75510204081633, 142.81632653061223, 145.87755102040816, 148.9387755102041, 152.0

x^2: 0, 1.0412328196584757, 4.164931278633903, 9.371095376926283, 16.65972511453561, 26.03082049146189, 37.48438150770513, 51.02040816326531, 66.63890045814244, 84.33985839233654, 104.12328196584755, 125.98917117867556, 149.93752603082052, 175.9683465222824, 204.08163265306123, 234.277384423157, 266.5556018325698, 300.9162848812994, 337.35943356934615, 375.88504789670975, 416.4931278633902, 459.1836734693878, 503.95668471470225, 550.8121615993336, 599.7501041232821, 650.7705122865474, 703.8733860891296, 759.0587255310287, 816.3265306122449, 875.676801332778, 937.109537692628, 1000.6247396917952, 1066.222407330279, 1133.9025406080802, 1203.6651395251977, 1275.5102040816328, 1349.4377342773846, 1425.447730112453, 1503.540191586839, 1583.7151187005418, 1665.9725114535609, 1750.3123698458976, 1836.7346938775513, 1925.2394835485213, 2015.826738858809, 2108.4964598084134, 2203.2486463973346, 2300.0832986255728, 2399.0004164931283, 2500.0

x^3: 0, 1.062482469039261, 8.499859752314087, 28.687026664060053, 67.9988780185127, 132.8103086299076, 229.49621331248042, 364.43148688046654, 543.9910241481016, 774.5497199296213, 1062.4824690392609, 1414.1641662912564, 1835.9697064998434, 2334.2739844792563, 2915.4518950437323, 3585.8783330075053, 4351.928193184813, 5219.976370389888, 6196.397759436971, 7287.567255140291, 8499.859752314087, 9839.650145772597, 11313.313330330051, 12927.224200800687, 14687.757651998747, 16601.288578738455, 18674.19187583405, 20912.842438099768, 23323.61516034986, 25912.884937398536, 28687.026664060042, 31652.415235148626, 34815.4255454785, 38182.43248986393, 41759.810963119104, 45553.935860058315, 49571.182075495766, 53817.924504245675, 58300.53804112233, 63025.397580939934, 67998.8780185127, 73227.35424865491, 78717.20116618078, 84474.79366590451, 90506.50664264041, 96818.71499120268, 103417.7936064055, 110310.11738306319, 117502.06121598998, 125000.0

x^5: 0, 1.1062916170754487, 35.40133174641436, 268.82886294933417, 1132.8426158852594, 3457.1613033607764, 8602.523614378693, 18593.44320818707, 36250.9637083283, 65325.4136966882, 110629.16170754484, 178169.37122161812, 275280.7556601182, 410758.33337879454, 594990.1826619862, 840090.1967166687, 1160030.8386665056, 1570775.896545895, 2090413.2382940224, 2739287.5667489017, 3540133.174641435, 4518206.699589459, 5701419.87909178, 7120472.305522244, 8808984.181123782, 10803629.07300243, 13144266.668121425, 15874075.52829522, 19039685.84518356, 22691312.195285473, 26882886.294933397, 31672189.755287208, 37120986.83732818, 43295157.20685321, 50264828.68946864, 58104510.025584586, 66893223.62540872, 76714638.32394037, 87657202.13596486, 99814275.01104712, 113284261.58852592, 128170743.95250823, 144582614.3868627, 162634208.13021392, 182445436.13093695, 204141917.8021506, 227855113.77671182, 253722458.66221014, 281887493.795961, 312500000.0

x^3 + 2x^2 + x + 10: 10.0, 14.16535627162152, 28.870538636112506, 60.49044190770854, 115.39996090064514, 199.9739904291579, 320.5874253074825, 483.6151603498543, 695.4320903705088, 962.4131101836822, 1290.933114603609, 1687.3669984445257, 2158.089656520668, 2709.4759836462704, 3347.900874635569, 4079.739224302799, 4911.365927462197, 5849.155878927997, 6899.483973514439, 8068.725106035751, 9363.254171306175, 10789.446064139944, 12353.675679351292, 14062.317911754455, 15921.747656163678, 17938.339807393182, 20118.469260257207, 22468.510909569988, 24994.839650145776, 27703.830376798785, 30601.857984343256, 33695.29736759345, 36990.52342136355, 40493.91104046784, 44211.83511972052, 48150.67055393586, 52316.792237928086, 56716.575066511396, 61356.39393450009, 66242.62373670837, 71381.63936795043, 76779.81572304058, 82443.52769679303, 88379.15018402197, 94593.05807954169, 101091.62627816644, 107881.22967471037, 114968.2431639878, 122359.04164081297, 130060.0

x^4 - 3x^3 + 2x^2 + 100: 100.0, 99.9791840169331, 100.17693585606858, 120.49853932512156, 206.86925706542166, 431.2343305519131, 891.5589800931552, 1711.8284048313205, 3042.047782742197, 5058.242270635191, 7962.457004153307, 11982.757097773196, 17373.22764480509, 24413.973717392848, 33411.12036651396, 44696.81262197949, 58629.21549243417, 75592.5139653563, 95996.91300705788, 120278.63756268431, 148899.93255621483, 182349.06289046237, 221140.31344707307, 265813.989086527, 316936.41464813804, 375099.934950053, 440922.9147892529, 515049.7389415523, 598150.8121615994, 690922.5591828757, 794087.4247176962, 908393.8734572106, 1034616.3900714006, 1173555.4792090834, 1326037.665497907, 1492915.493544357, 1675067.527933749, 1873398.3532302326, 2088838.573976795, 2322344.8146952526, 2574899.719886254, 2847511.9540292895, 3141216.2015826753, 3457073.1669835607, 3796169.5746479374, 4159618.168970621, 4548557.714325264, 4964152.995064357, 5407594.815519219, 5880100.0

sin(x): 0, 0.8523215697196184, 0.8915592304110037, 0.0802816748428135, 0, 0, 0, 0.7576284153927202, 0.9525518475314604, 0.23877531564403087, 0, 0, 0, 0.6434031540751581, 0.9889871167196927, 0.3911131881066625, 0, 0, 0, 0.5125905803123366, 0.9999257152660991, 0.5333679321116566, 0, 0, 0, 0.36856311933877467, 0.9850856396544494, 0.6618721365332185, 0, 0, 0, 0.21503388396831916, 0.9448494757787088, 0.773312887258672, 0, 0, 0, 0.05596094835780247, 0.8802545356532473, 0.8648171760664929, 0.024375551549291254, 0, 0, 0, 0.7929661148978602, 0.9340259684711884, 0.1840588756910881, 0, 0, 0

cos(x): 1.0, 0.5230181084730104, 0, 0, 0, 0.37986637199507933, 0.9871097053688656, 0.6526861299196696, 0, 0, 0, 0.22692145660619542, 0.948771140866817, 0.7655275183336901, 0, 0, 0, 0.06812637234974962, 0.8859726972781868, 0.8586331562285852, 0.012188681207585735, 0, 0, 0, 0.8003333554834432, 0.9296027253957855, 0.1720647626522767, 0, 0, 0, 0.6940609481780848, 0.9766065885224713, 0.3275049131245195, 0, 0, 0, 0.5698952406447714, 0.9984329583196336, 0.474501793950124, 0, 0, 0, 0.43103729798987067, 0.9945191381124449, 0.6092657389216906, 0, 0, 0, 0.28106695979877483, 0.9649660284921133

x^5 + 4x^4 + x^3 - 2x^2 + 100: 100.0, 104.42297158573352, 204.9579391644328, 730.0434131133381, 2377.707807242255, 6348.324432842609, 14477.36649273651, 29368.16207532576, 54524.64914864099, 94484.13055439068, 154950.02900201, 242924.64206271045, 366841.8971635283, 536700.1065813734, 764194.7224370799, 1062851.0916894525, 1448157.2111293192, 1937696.4823735754, 2551280.4668592415, 3311081.6408374957, 4241766.150367743, 5370626.566311659, 6727714.639327216, 8345974.054862768, 10261373.188151084, 12513037.859203376, 15143384.08780339, 18198250.848501418, 21727032.82560838, 25782813.168189827, 30422496.245060034, 35706940.399776064, 41701090.7056317, 48474111.72065169, 56099520.242585555, 64655318.06390196, 74224124.7267824, 84893310.27811538, 96755128.02449077, 109906847.28719334, 124450886.15719706, 140494944.2501594, 158152135.46141496, 177541120.72096944, 198786240.74849442, 222017648.80832064, 247371443.46443218, 274989801.33546114, 305021109.84968084, 337620100.0

